0 2.1017696857452393
1 2.0556528568267822
2 2.0540716648101807
3 2.0556838512420654
4 2.0552592277526855
0 2.0870203971862793
1 2.035008192062378
2 2.023188829421997
3 2.0231943130493164
4 2.0388028621673584
0 2.236027479171753
1 2.212482452392578
2 2.1955556869506836
3 2.1968894004821777
4 2.1968600749969482
0 2.3377060890197754
1 2.2600908279418945
2 2.337305784225464
3 2.275312662124634
4 2.2740018367767334
0 2.243570327758789
1 2.1811678409576416
2 2.1802682876586914
3 2.322094440460205
4 2.2275278568267822
failure 0.00087 with dimesnion 2 et pseudo_inputs 35
[1.49748 2.13446 2.64147 3.0763  3.46951 3.82619]
[0.48667 0.46468 0.42782 0.37693 0.3945 ]
0 12.669785737991333
1 12.629972457885742
2 12.63080620765686
3 12.613295555114746
4 12.645784378051758
0 12.802772521972656
1 12.847829341888428
2 13.052612066268921
3 12.832539319992065
4 12.829897165298462
0 12.764726400375366
1 12.74329400062561
2 12.741948366165161
3 12.750890016555786
4 12.785845518112183
0 12.912612438201904
1 12.875225305557251
2 12.883907318115234
3 12.893007040023804
4 12.89591932296753
failure 0.00101 with dimesnion 10 et pseudo_inputs 35
[1.49407 2.14467 2.66506 3.1067  3.51032]
[0.31187 0.2425  0.20358 0.18215]
0 17.69800090789795
1 17.689188480377197
2 17.620057582855225
3 17.688125610351562
4 17.853739500045776
0 18.46255111694336
1 18.232564210891724
2 17.571426391601562
3 17.607550859451294
4 17.57126760482788
0 18.65994143486023
1 18.629728317260742
2 17.543388843536377
3 17.715789079666138
4 17.544156074523926
0 17.68598484992981
1 17.665685892105103
2 17.645071268081665
3 17.66495704650879
4 17.675817728042603
failure 0.001 with dimesnion 20 et pseudo_inputs 35
[1.49827 2.14494 2.6704  3.11287 3.50774]
[0.30058 0.23373 0.20007 0.17893]
0 60.308871030807495
1 54.48884391784668
2 65.87094211578369
3 55.93555927276611
4 65.3836579322815
0 58.185078859329224
1 62.28914475440979
2 60.88716912269592
3 65.1832365989685
4 51.874390602111816
0 49.764758586883545
1 49.7150936126709
2 49.65575885772705
3 49.42234468460083
4 55.29635453224182
0 49.60233736038208
1 49.356165647506714
2 50.39740490913391
3 49.82767844200134
4 50.2182183265686
failure 0.00122 with dimesnion 50 et pseudo_inputs 35
[1.49376 2.17226 2.70185 3.15548 3.56287]
[0.29903 0.22832 0.19258 0.1776 ]
0 89.63669323921204
1 91.30742359161377
2 95.36271810531616
3 103.06102681159973
4 91.82171821594238
0 93.4470489025116
1 98.61174941062927
2 110.33417701721191
3 112.12120223045349
4 102.54782438278198
0 103.57932639122009
1 112.2362654209137
2 113.33557462692261
3 113.63467812538147
4 105.6718602180481
0 111.08071494102478
1 106.1348671913147
2 92.09662556648254
3 112.68180990219116
4 97.49532985687256
failure 0.00152 with dimesnion 70 et pseudo_inputs 35
[1.5113  2.17374 2.72841 3.201   3.62229]
[0.28867 0.221   0.19567 0.16937]
0 191.44869256019592
1 187.24116230010986
2 185.7426528930664
3 200.59383416175842
4 213.07640171051025
0 200.08679747581482
1 202.48423290252686
2 213.05362105369568
3 214.33524537086487
4 204.8098816871643
0 201.74063658714294
1 201.80335450172424
2 192.3582763671875
3 207.64249873161316
4 220.4222662448883
0 228.53681898117065
1 221.78424382209778
2 214.95976328849792
3 214.6846661567688
4 220.12741947174072
failure 0.00184 with dimesnion 100 et pseudo_inputs 35
[1.5071  2.21053 2.76854 3.25094 3.69659]
[0.28572 0.22577 0.19208 0.1758 ]
